5	33.9557	-0.1515	-2.4784	-0.1515	0.1412	0.1515	-2.4784	0.1515	0.2746
10	13.3605	-0.1626	-2.4368	-0.1626	0.2097	0.1626	-2.4368	0.1626	0.2081
15	6.8232	-0.1537	-2.4368	-0.1626	0.268	0.1537	-2.3801	0.1537	0.1512
20	3.633	-0.1405	-2.2899	-0.1405	0.3027	0.1405	-2.2899	0.1405	0.1176
25	1.7012	-0.1324	-2.1683	-0.1324	0.3211	0.1324	-2.1683	0.1324	0.101
30	0.3821	-0.1306	-2.0305	-0.1306	0.3303	0.1306	-2.0305	0.1306	0.0943
35	-0.581	-0.1335	-1.8905	-0.1335	0.3344	0.1335	-1.8905	0.1335	0.0936
40	-1.3119	-0.1396	-1.7568	-0.1396	0.3352	0.1396	-1.7568	0.1396	0.0969
45	-1.8796	-0.1477	-1.6339	-0.1477	0.3339	0.1477	-1.6339	0.1477	0.103
50	-2.3275	-0.157	-1.5236	-0.157	0.3309	0.157	-1.5236	0.157	0.1115
55	-2.6844	-0.1669	-1.4264	-0.1669	0.3264	0.1669	-1.4264	0.1669	0.1218
60	-2.9708	-0.177	-1.3418	-0.177	0.3206	0.177	-1.3418	0.177	0.1339
65	-3.202	-0.1871	-1.2691	-0.1871	0.3135	0.1871	-1.2691	0.1871	0.1475
70	-3.3893	-0.1968	-1.2073	-0.1968	0.3052	0.1968	-1.2073	0.1968	0.1626
75	-3.5417	-0.206	-1.1552	-0.206	0.2958	0.206	-1.1552	0.206	0.1791
80	-3.666	-0.2145	-1.1117	-0.2145	0.2853	0.2145	-1.1117	0.2145	0.1968
85	-3.7675	-0.2222	-1.0758	-0.2222	0.2738	0.2222	-1.0758	0.2222	0.2157
90	-3.8505	-0.2288	-1.0466	-0.2288	0.2613	0.2288	-1.0466	0.2288	0.2356
95	-3.9183	-0.2343	-1.0233	-0.2343	0.2481	0.2343	-1.0233	0.2343	0.2564
100	-3.9734	-0.2385	-1.0052	-0.2385	0.2343	0.2385	-1.0052	0.2385	0.2779
105	-4.018	-0.2414	-0.9916	-0.2414	0.2199	0.2414	-0.9916	0.2414	0.3
110	-4.0539	-0.243	-0.982	-0.243	0.2053	0.243	-0.982	0.243	0.3225
115	-4.0825	-0.2431	-0.9758	-0.2431	0.1904	0.2431	-0.9758	0.2431	0.3451
120	-4.105	-0.2418	-0.9725	-0.2418	0.1756	0.2418	-0.9725	0.2418	0.3678
125	-4.1224	-0.2392	-0.9716	-0.2392	0.161	0.2392	-0.9716	0.2392	0.3902
130	-4.1356	-0.2353	-0.9728	-0.2353	0.1466	0.2353	-0.9728	0.2353	0.4123
135	-4.1454	-0.2301	-0.9757	-0.2301	0.1327	0.2301	-0.9757	0.2301	0.4339
140	-4.1523	-0.2239	-0.9798	-0.2239	0.1194	0.2239	-0.9798	0.2239	0.4549
145	-4.1568	-0.2167	-0.985	-0.2167	0.1068	0.2167	-0.985	0.2167	0.4751
150	-4.1594	-0.2086	-0.991	-0.2086	0.0948	0.2086	-0.991	0.2086	0.4945
155	-4.1605	-0.1998	-0.9975	-0.1998	0.0837	0.1998	-0.9975	0.1998	0.5129
160	-4.1602	-0.1905	-1.0045	-0.1905	0.0734	0.1905	-1.0045	0.1905	0.5304
165	-4.1589	-0.1807	-1.0116	-0.1807	0.064	0.1807	-1.0116	0.1807	0.5468
170	-4.1568	-0.1707	-1.0189	-0.1707	0.0555	0.1707	-1.0189	0.1707	0.5622
175	-4.154	-0.1605	-1.0262	-0.1605	0.0479	0.1605	-1.0262	0.1605	0.5766
180	-4.1508	-0.1503	-1.0334	-0.1503	0.041	0.1503	-1.0334	0.1503	0.5899
185	-4.1471	-0.1403	-1.0404	-0.1403	0.035	0.1403	-1.0404	0.1403	0.6023
190	-4.1431	-0.1305	-1.0473	-0.1305	0.0297	0.1305	-1.0473	0.1305	0.6138
195	-4.139	-0.121	-1.054	-0.121	0.0251	0.121	-1.054	0.121	0.6244
200	-4.1347	-0.1119	-1.0605	-0.1119	0.0212	0.1119	-1.0605	0.1119	0.6342
205	-4.1303	-0.1031	-1.0667	-0.1031	0.0178	0.1031	-1.0667	0.1031	0.6432
210	-4.1258	-0.0949	-1.0727	-0.0949	0.0148	0.0949	-1.0727	0.0949	0.6516
215	-4.1214	-0.0871	-1.0785	-0.0871	0.0124	0.0871	-1.0785	0.0871	0.6594
220	-4.1169	-0.0797	-1.084	-0.0797	0.0103	0.0797	-1.084	0.0797	0.6666
225	-4.1125	-0.0729	-1.0893	-0.0729	0.0085	0.0729	-1.0893	0.0729	0.6733
230	-4.1082	-0.0665	-1.0944	-0.0665	0.007	0.0665	-1.0944	0.0665	0.6796
235	-4.104	-0.0606	-1.0993	-0.0606	0.0058	0.0606	-1.0993	0.0606	0.6854
240	-4.0998	-0.0551	-1.104	-0.0551	0.0047	0.0551	-1.104	0.0551	0.6909
245	-4.0957	-0.05	-1.1085	-0.05	0.0039	0.05	-1.1085	0.05	0.6961
250	-4.0918	-0.0454	-1.1128	-0.0454	0.0032	0.0454	-1.1128	0.0454	0.701
255	-4.0879	-0.0411	-1.117	-0.0411	0.0026	0.0411	-1.117	0.0411	0.7056
260	-4.0841	-0.0371	-1.121	-0.0371	0.0021	0.0371	-1.121	0.0371	0.7099
265	-4.0805	-0.0335	-1.1248	-0.0335	0.0017	0.0335	-1.1248	0.0335	0.7141
270	-4.0769	-0.0303	-1.1285	-0.0303	0.0014	0.0303	-1.1285	0.0303	0.7181
275	-4.0735	-0.0273	-1.1321	-0.0273	0.0011	0.0273	-1.1321	0.0273	0.7218
280	-4.0701	-0.0245	-1.1356	-0.0245	0.0009	0.0245	-1.1356	0.0245	0.7254
285	-4.0669	-0.0221	-1.1389	-0.0221	0.0007	0.0221	-1.1389	0.0221	0.7289
290	-4.0638	-0.0198	-1.1421	-0.0198	0.0006	0.0198	-1.1421	0.0198	0.7322
295	-4.0607	-0.0178	-1.1452	-0.0178	0.0005	0.0178	-1.1452	0.0178	0.7354
300	-4.0578	-0.0159	-1.1482	-0.0159	0.0004	0.0159	-1.1482	0.0159	0.7385
305	-4.0549	-0.0142	-1.1511	-0.0142	0.0003	0.0142	-1.1511	0.0142	0.7414
310	-4.0521	-0.0127	-1.1539	-0.0127	0.0002	0.0127	-1.1539	0.0127	0.7443
315	-4.0494	-0.0114	-1.1566	-0.0114	0.0002	0.0114	-1.1566	0.0114	0.747
320	-4.0468	-0.0101	-1.1592	-0.0101	0.0001	0.0101	-1.1592	0.0101	0.7497
325	-4.0443	-0.009	-1.1618	-0.009	0.0001	0.009	-1.1618	0.009	0.7522
330	-4.0418	-0.0081	-1.1643	-0.0081	0.0001	0.0081	-1.1643	0.0081	0.7547
335	-4.0394	-0.0072	-1.1666	-0.0072	0.0001	0.0072	-1.1666	0.0072	0.7571
340	-4.0371	-0.0064	-1.169	-0.0064	0.0001	0.0064	-1.169	0.0064	0.7595
345	-4.0349	-0.0056	-1.1712	-0.0056	0	0.0056	-1.1712	0.0056	0.7617
350	-4.0327	-0.005	-1.1734	-0.005	0	0.005	-1.1734	0.005	0.7639
355	-4.0306	-0.0044	-1.1756	-0.0044	0	0.0044	-1.1756	0.0044	0.7661
360	-4.0285	-0.0039	-1.1776	-0.0039	0	0.0039	-1.1776	0.0039	0.7681
365	-4.0265	-0.0035	-1.1796	-0.0035	0	0.0035	-1.1796	0.0035	0.7702
370	-4.0245	-0.003	-1.1816	-0.003	0	0.003	-1.1816	0.003	0.7721
375	-4.0226	-0.0027	-1.1835	-0.0027	0	0.0027	-1.1835	0.0027	0.774
380	-4.0208	-0.0024	-1.1854	-0.0024	0	0.0024	-1.1854	0.0024	0.7759
385	-4.019	-0.0021	-1.1872	-0.0021	0	0.0021	-1.1872	0.0021	0.7777
390	-4.0172	-0.0018	-1.1889	-0.0018	0	0.0018	-1.1889	0.0018	0.7795
395	-4.0155	-0.0016	-1.1906	-0.0016	0	0.0016	-1.1906	0.0016	0.7812